1 1 1 1 1 1 0 0 0 1 1 1 1 1 1 1 1 1 1 1 1 1 1 1 0 0 0 0 0 0 
1 1 1 0 0 0 224 211 15 0 0 0 1 1 1 1 1 1 1 1 1 0 0 0 224 175 15 0 0 0 
0 0 0 224 211 15 224 211 15 0 0 0 0 0 0 0 0 0 0 0 0 224 175 15 224 175 15 0 0 0 
0 0 0 224 211 15 224 211 15 224 211 15 224 211 15 224 175 15 224 175 15 224 175 15 224 175 15 0 0 0 
0 0 0 224 211 15 0 0 0 255 255 255 255 255 255 0 0 0 224 175 15 255 120 0 255 120 0 0 0 0 
0 0 0 255 120 0 0 0 0 224 175 15 224 175 15 0 0 0 255 120 0 255 120 0 255 120 0 0 0 0 
0 0 0 255 120 0 255 120 0 255 120 0 255 120 0 255 120 0 255 120 0 255 120 0 224 70 15 0 0 0 
0 0 0 255 120 0 255 120 0 255 120 0 255 120 0 224 70 15 224 70 15 224 70 15 224 70 15 0 0 0 
1 1 1 0 0 0 0 0 0 224 70 15 224 70 15 224 70 15 224 70 15 0 0 0 0 0 0 1 1 1 
1 1 1 1 1 1 1 1 1 0 0 0 0 0 0 0 0 0 0 0 0 1 1 1 1 1 1 1 1 1 
